%arb_type = 'round_robin';
%buffer_policy = 'private';
%injection_process = 'bernoulli';
%power_output_file = 'pwr_tmp';
%priority = 'none';
%router = 'iq';
%routing_function = 'dor';
%sim_type = 'latency';
%spec_sw_allocator = 'prio';
%stats_out = 'results.txt';
%sw_allocator = 'islip';
%topology = 'mesh';
%traffic = 'transpose';
%vc_allocator = 'islip';
%alloc_iters = 1;
%batch_count = 1;
%batch_size = 1000;
%buf_size = -1;
%c = 1;
%channel_sweep = 0;
%channel_width = 128;
%class_priority = 0;
%classes = 1;
%credit_delay = 2;
%deadlock_warn_timeout = 256;
%fail_seed = 0;
%feedback_aging_scale = 1;
%feedback_offset = 0;
%hold_switch_for_packet = 0;
%in_ports = 5;
%include_queuing = 1;
%injection_rate_uses_flits = 0;
%input_speedup = 2;
%k = 8;
%link_failures = 0;
%max_held_slots = -1;
%max_outstanding_requests = 0;
%max_samples = 10;
%measure_stats = 1;
%n = 2;
%noq = 0;
%num_vcs = 8;
%out_ports = 5;
%output_buffer_size = -1;
%output_delay = 0;
%output_speedup = 1;
%packet_size = 20;
%packet_size_rate = 1;
%pair_stats = 0;
%perm_seed = 0;
%print_activity = 0;
%print_csv_results = 0;
%private_buf_end_vc = -1;
%private_buf_size = 1;
%private_buf_start_vc = -1;
%private_bufs = -1;
%read_reply_begin_vc = 8;
%read_reply_end_vc = 13;
%read_reply_size = 1;
%read_reply_subnet = 0;
%read_request_begin_vc = 0;
%read_request_end_vc = 5;
%read_request_size = 1;
%read_request_subnet = 0;
%routing_delay = 0;
%sample_period = 1000;
%seed = 0;
%sim_count = 1;
%sim_power = 0;
%spec_check_cred = 1;
%spec_check_elig = 1;
%spec_mask_by_reqs = 0;
%speculative = 0;
%st_final_delay = 1;
%st_prepare_delay = 0;
%subnets = 1;
%sw_alloc_delay = 1;
%use_noc_latency = 1;
%use_read_write = 0;
%vc_alloc_delay = 1;
%vc_buf_size = 8;
%vc_busy_when_full = 0;
%vc_prioritize_empty = 0;
%vc_priority_donation = 0;
%vc_shuffle_requests = 0;
%vct = 0;
%viewer_trace = 0;
%wait_for_tail_credit = 1;
%warmup_periods = 3;
%write_reply_begin_vc = 10;
%write_reply_end_vc = 15;
%write_reply_size = 1;
%write_reply_subnet = 0;
%write_request_begin_vc = 2;
%write_request_end_vc = 7;
%write_request_size = 1;
%write_request_subnet = 0;
%x = 8;
%xr = 1;
%y = 8;
%yr = 1;
%acc_stopping_thres = 0.05;
%acc_warmup_thres = 0.05;
%burst_alpha = 0.5;
%burst_beta = 0.5;
%burst_r1 = -1;
%injection_rate = 0.005;
%internal_speedup = 1;
%latency_thres = 500;
%stopping_thres = 0.05;
%warmup_thres = 0.05;
%write_fraction = 0.5;
%=================================
plat(1) = 62.828;
plat_hist(1,:) = [ 0 0 0 0 0 0 0 0 0 0 0 0 0 0 0 0 0 0 0 0 0 0 0 0 0 144 1 0 2 0 1 0 0 147 2 3 2 3 5 4 3 113 8 8 11 9 7 6 6 81 7 12 16 4 9 6 8 56 7 14 11 7 9 9 9 38 9 12 12 9 17 14 8 25 8 7 7 9 6 8 5 13 4 12 5 3 4 7 11 11 5 4 6 2 5 6 4 7 3 1 7 5 6 5 4 2 1 6 5 3 3 1 1 4 1 3 0 1 1 1 3 2 3 1 3 0 5 1 0 1 2 0 2 2 0 1 1 2 0 2 0 1 1 1 1 3 2 2 0 1 1 0 2 3 0 0 0 1 2 2 1 0 0 0 0 1 1 1 1 1 0 0 1 0 0 0 0 0 1 0 1 1 0 3 0 1 0 1 0 1 1 0 0 0 0 1 0 0 0 0 1 2 2 2 0 1 0 1 0 0 0 2 0 0 0 0 1 0 0 0 0 1 0 1 0 3 0 0 0 0 0 0 0 0 0 0 0 0 2 0 0 0 1 0 0 0 0 0 0 0 0 0 0 0 0 0 0 0 0 0 0 0 0 0 0 0 0 0 0 0 0 0 0 0 0 0 0 0 0 0 0 0 0 0 0 0 0 0 0 0 0 0 0 0 0 0 0 0 0 0 0 0 0 0 0 0 0 0 0 0 0 0 0 0 0 0 0 0 0 0 0 0 0 0 0 0 0 0 0 0 0 0 0 0 0 0 0 0 0 0 0 0 0 0 0 0 0 0 0 0 0 0 0 0 0 0 0 0 0 0 0 0 0 0 0 0 0 0 0 0 0 0 0 0 0 0 0 0 0 0 0 0 0 0 0 0 0 0 0 0 0 0 0 0 0 0 0 0 0 0 0 0 0 0 0 0 0 0 0 0 0 0 0 0 0 0 0 0 0 0 0 0 0 0 0 0 0 0 0 0 0 0 0 0 0 0 0 0 0 0 0 0 0 0 0 0 0 0 0 0 0 0 0 0 0 0 0 0 0 0 0 0 0 0 0 0 0 0 0 0 0 0 0 0 0 0 0 0 0 0 0 0 0 0 0 0 0 0 0 0 0 0 0 0 0 0 0 0 0 0 0 0 0 0 0 0 0 0 0 0 0 0 0 0 0 0 0 0 0 0 0 0 0 0 0 0 0 0 0 0 0 0 0 0 0 0 0 0 0 0 0 0 0 0 0 0 0 0 0 0 0 0 0 0 0 0 0 0 0 0 0 0 0 0 0 0 0 0 0 0 0 0 0 0 0 0 0 0 0 0 0 0 0 0 0 0 0 0 0 0 0 0 0 0 0 0 0 0 0 0 0 0 0 0 0 0 0 0 0 0 0 0 0 0 0 0 0 0 0 0 0 0 0 0 0 0 0 0 0 0 0 0 0 0 0 0 0 0 0 0 0 0 0 0 0 0 0 0 0 0 0 0 0 0 0 0 0 0 0 0 0 0 0 0 0 0 0 0 0 0 0 0 0 0 0 0 0 0 0 0 0 0 0 0 0 0 0 0 0 0 0 0 0 0 0 0 0 0 0 0 0 0 0 0 0 0 0 0 0 0 0 0 0 0 0 0 0 0 0 0 0 0 0 0 0 0 0 0 0 0 0 0 0 0 0 0 0 0 0 0 0 0 0 0 0 0 0 0 0 0 0 0 0 0 0 0 0 0 0 0 0 0 0 0 0 0 0 0 0 0 0 0 0 0 0 0 0 0 0 0 0 0 0 0 0 0 0 0 0 0 0 0 0 0 0 0 0 0 0 0 0 0 0 0 0 0 0 0 0 0 0 0 0 0 0 0 0 0 0 0 0 0 0 0 0 0 0 0 0 0 0 0 0 0 0 0 0 0 0 0 0 0 0 0 0 0 0 0 0 0 0 0 0 0 0 0 0 0 0 0 0 0 0 0 0 0 0 0 0 0 0 0 0 0 0 0 0 0 0 0 0 0 0 0 0 0 0 0 0 0 0 0 0 0 0 0 0 0 0 0 0 0 0 0 0 0 0 0 0 0 0 0 0 0 0 0 0 0 0 0 0 0 0 0 0 0 0 0 0 0 0 0 0 0 0 0 0 0 0 0 0 0 0 0 0 0 0 0 0 0 0 0 0 0 0 0 0 0 0 0 0 0 0 0 0 0 0 0 0 0 0 0 0 0 0 0 0 0 0 0 0 0 0 0 0 0 0 0 0 0 0 0 0 0 0 0 0 0 0 0 ];
nlat(1) = 61.2175;
nlat_hist(1,:) = [ 0 0 0 0 0 0 0 0 0 0 0 0 0 0 0 0 0 0 0 0 0 0 0 0 0 160 0 0 0 0 0 0 0 161 1 3 1 1 3 3 1 125 4 4 9 8 4 8 5 85 5 12 16 4 8 5 10 58 6 13 13 7 7 8 8 40 7 11 12 8 16 15 9 26 7 9 7 6 7 7 5 11 4 11 4 4 5 7 10 12 5 5 6 1 5 4 4 6 3 3 8 3 4 5 5 3 1 6 4 3 2 1 2 3 1 1 0 1 2 1 3 2 2 0 2 0 3 2 0 2 2 1 2 3 1 1 0 1 0 1 0 3 1 1 1 2 2 2 0 1 1 0 2 2 0 1 0 1 1 1 1 0 1 0 0 1 1 1 2 1 1 0 1 0 1 0 0 0 2 0 1 0 0 2 0 1 0 1 0 1 1 0 0 0 0 1 0 1 0 0 1 2 1 2 0 1 0 0 0 0 0 1 0 0 0 0 0 0 0 0 0 1 0 1 0 3 0 0 0 0 0 0 0 0 0 0 0 0 0 0 0 0 0 0 0 0 0 0 0 0 0 0 0 0 0 0 0 0 0 0 0 0 0 0 0 0 0 0 0 0 0 0 0 0 0 0 0 0 0 0 0 0 0 0 0 0 0 0 0 0 0 0 0 0 0 0 0 0 0 0 0 0 0 0 0 0 0 0 0 0 0 0 0 0 0 0 0 0 0 0 0 0 0 0 0 0 0 0 0 0 0 0 0 0 0 0 0 0 0 0 0 0 0 0 0 0 0 0 0 0 0 0 0 0 0 0 0 0 0 0 0 0 0 0 0 0 0 0 0 0 0 0 0 0 0 0 0 0 0 0 0 0 0 0 0 0 0 0 0 0 0 0 0 0 0 0 0 0 0 0 0 0 0 0 0 0 0 0 0 0 0 0 0 0 0 0 0 0 0 0 0 0 0 0 0 0 0 0 0 0 0 0 0 0 0 0 0 0 0 0 0 0 0 0 0 0 0 0 0 0 0 0 0 0 0 0 0 0 0 0 0 0 0 0 0 0 0 0 0 0 0 0 0 0 0 0 0 0 0 0 0 0 0 0 0 0 0 0 0 0 0 0 0 0 0 0 0 0 0 0 0 0 0 0 0 0 0 0 0 0 0 0 0 0 0 0 0 0 0 0 0 0 0 0 0 0 0 0 0 0 0 0 0 0 0 0 0 0 0 0 0 0 0 0 0 0 0 0 0 0 0 0 0 0 0 0 0 0 0 0 0 0 0 0 0 0 0 0 0 0 0 0 0 0 0 0 0 0 0 0 0 0 0 0 0 0 0 0 0 0 0 0 0 0 0 0 0 0 0 0 0 0 0 0 0 0 0 0 0 0 0 0 0 0 0 0 0 0 0 0 0 0 0 0 0 0 0 0 0 0 0 0 0 0 0 0 0 0 0 0 0 0 0 0 0 0 0 0 0 0 0 0 0 0 0 0 0 0 0 0 0 0 0 0 0 0 0 0 0 0 0 0 0 0 0 0 0 0 0 0 0 0 0 0 0 0 0 0 0 0 0 0 0 0 0 0 0 0 0 0 0 0 0 0 0 0 0 0 0 0 0 0 0 0 0 0 0 0 0 0 0 0 0 0 0 0 0 0 0 0 0 0 0 0 0 0 0 0 0 0 0 0 0 0 0 0 0 0 0 0 0 0 0 0 0 0 0 0 0 0 0 0 0 0 0 0 0 0 0 0 0 0 0 0 0 0 0 0 0 0 0 0 0 0 0 0 0 0 0 0 0 0 0 0 0 0 0 0 0 0 0 0 0 0 0 0 0 0 0 0 0 0 0 0 0 0 0 0 0 0 0 0 0 0 0 0 0 0 0 0 0 0 0 0 0 0 0 0 0 0 0 0 0 0 0 0 0 0 0 0 0 0 0 0 0 0 0 0 0 0 0 0 0 0 0 0 0 0 0 0 0 0 0 0 0 0 0 0 0 0 0 0 0 0 0 0 0 0 0 0 0 0 0 0 0 0 0 0 0 0 0 0 0 0 0 0 0 0 0 0 0 0 0 0 0 0 0 0 0 0 0 0 0 0 0 0 0 0 0 0 0 0 0 0 0 0 0 0 0 0 0 0 0 0 0 0 0 0 0 0 0 0 0 0 0 0 0 0 0 0 0 0 0 0 0 0 0 0 0 0 0 0 0 0 0 0 0 0 0 0 0 0 0 0 0 0 0 0 0 0 0 0 0 0 0 0 0 0 0 0 ];
flat(1) = 33.7082;
flat_hist(1,:) = [ 0 0 0 0 0 0 3343 0 0 0 0 0 0 0 3689 121 123 110 109 104 106 107 3010 259 305 334 160 146 143 160 2240 255 312 282 205 152 125 135 1354 185 194 184 169 119 148 124 1075 211 195 203 148 141 141 107 653 122 148 101 139 139 118 87 264 111 137 126 102 111 94 99 82 70 60 74 47 70 60 53 47 66 45 59 44 46 44 40 23 41 26 27 29 29 20 26 20 18 24 24 16 34 23 22 20 16 14 18 5 21 12 15 14 16 17 7 7 18 8 8 16 14 12 9 10 9 8 11 10 4 14 10 6 11 9 6 8 5 10 9 5 3 8 3 4 9 8 3 4 2 4 6 5 4 5 4 5 7 4 6 3 3 5 6 3 2 3 1 5 1 4 4 0 3 3 2 3 3 4 4 0 1 1 1 3 5 2 0 2 2 1 1 1 0 3 1 0 0 1 4 0 0 0 0 1 0 0 0 3 0 0 0 0 0 0 0 0 0 0 0 0 0 0 0 0 0 0 0 0 0 0 0 0 0 0 0 0 0 0 0 0 0 0 0 0 0 0 0 0 0 0 0 0 0 0 0 0 0 0 0 0 0 0 0 0 0 0 0 0 0 0 0 0 0 0 0 0 0 0 0 0 0 0 0 0 0 0 0 0 0 0 0 0 0 0 0 0 0 0 0 0 0 0 0 0 0 0 0 0 0 0 0 0 0 0 0 0 0 0 0 0 0 0 0 0 0 0 0 0 0 0 0 0 0 0 0 0 0 0 0 0 0 0 0 0 0 0 0 0 0 0 0 0 0 0 0 0 0 0 0 0 0 0 0 0 0 0 0 0 0 0 0 0 0 0 0 0 0 0 0 0 0 0 0 0 0 0 0 0 0 0 0 0 0 0 0 0 0 0 0 0 0 0 0 0 0 0 0 0 0 0 0 0 0 0 0 0 0 0 0 0 0 0 0 0 0 0 0 0 0 0 0 0 0 0 0 0 0 0 0 0 0 0 0 0 0 0 0 0 0 0 0 0 0 0 0 0 0 0 0 0 0 0 0 0 0 0 0 0 0 0 0 0 0 0 0 0 0 0 0 0 0 0 0 0 0 0 0 0 0 0 0 0 0 0 0 0 0 0 0 0 0 0 0 0 0 0 0 0 0 0 0 0 0 0 0 0 0 0 0 0 0 0 0 0 0 0 0 0 0 0 0 0 0 0 0 0 0 0 0 0 0 0 0 0 0 0 0 0 0 0 0 0 0 0 0 0 0 0 0 0 0 0 0 0 0 0 0 0 0 0 0 0 0 0 0 0 0 0 0 0 0 0 0 0 0 0 0 0 0 0 0 0 0 0 0 0 0 0 0 0 0 0 0 0 0 0 0 0 0 0 0 0 0 0 0 0 0 0 0 0 0 0 0 0 0 0 0 0 0 0 0 0 0 0 0 0 0 0 0 0 0 0 0 0 0 0 0 0 0 0 0 0 0 0 0 0 0 0 0 0 0 0 0 0 0 0 0 0 0 0 0 0 0 0 0 0 0 0 0 0 0 0 0 0 0 0 0 0 0 0 0 0 0 0 0 0 0 0 0 0 0 0 0 0 0 0 0 0 0 0 0 0 0 0 0 0 0 0 0 0 0 0 0 0 0 0 0 0 0 0 0 0 0 0 0 0 0 0 0 0 0 0 0 0 0 0 0 0 0 0 0 0 0 0 0 0 0 0 0 0 0 0 0 0 0 0 0 0 0 0 0 0 0 0 0 0 0 0 0 0 0 0 0 0 0 0 0 0 0 0 0 0 0 0 0 0 0 0 0 0 0 0 0 0 0 0 0 0 0 0 0 0 0 0 0 0 0 0 0 0 0 0 0 0 0 0 0 0 0 0 0 0 0 0 0 0 0 0 0 0 0 0 0 0 0 0 0 0 0 0 0 0 0 0 0 0 0 0 0 0 0 0 0 0 0 0 0 0 0 0 0 0 0 0 0 0 0 0 0 0 0 0 0 0 0 0 0 0 0 0 0 0 0 0 0 0 0 0 0 0 0 0 0 0 0 0 0 0 0 0 0 0 0 0 0 0 0 0 0 0 0 0 0 0 0 0 0 0 0 0 0 0 0 0 0 0 0 0 0 0 0 0 0 0 0 0 0 0 0 0 0 0 0 0 0 0 0 0 0 0 0 0 0 0 0 0 0 0 0 0 0 0 0 0 0 0 0 0 0 0 0 0 0 0 0 0 0 0 0 0 0 0 0 0 0 0 0 0 0 0 0 ];
frag_hist(1,:) = [ 629 5 9 8 7 11 16 11 17 9 18 18 13 14 19 13 13 15 18 21 13 16 14 11 10 10 11 9 8 11 11 7 15 7 8 6 5 5 8 5 3 5 4 1 2 2 2 3 2 4 4 2 3 4 3 0 1 3 1 3 4 1 1 1 6 1 0 0 2 1 2 1 1 2 1 2 0 0 1 1 3 2 1 0 4 0 0 2 0 2 2 3 0 0 1 0 1 2 1 31 ];
hops(1,:) = [ 0 160 0 281 0 229 0 186 0 139 0 105 0 66 0 43 0 0 0 0 ];
];
sent_packets(1,:) = [ 0.0055 0.00425 0.0035 0.004 0.0055 0.005 0.0035 0.005 0.0035 0.007 0.00425 0.00575 0.00425 0.00575 0.00375 0.00425 0.00575 0.005 0.003 0.00525 0.00575 0.0045 0.0025 0.00475 0.0035 0.006 0.00525 0.00475 0.0055 0.0035 0.0055 0.00425 0.00375 0.0045 0.00475 0.0035 0.0045 0.00525 0.00275 0.0025 0.005 0.0035 0.005 0.00375 0.00475 0.005 0.007 0.00525 0.0045 0.00375 0.00375 0.0065 0.0045 0.00675 0.00575 0.0055 0.00575 0.00425 0.004 0.00575 0.00625 0.006 0.0045 0.0045 ];
accepted_packets(1,:) = [ 0.0055 0.0035 0.006 0.003 0.00375 0.005 0.0045 0.006 0.0045 0.00675 0.005 0.006 0.0045 0.0035 0.004 0.00425 0.0035 0.00425 0.00325 0.00525 0.005 0.005 0.00375 0.004 0.004 0.0055 0.0055 0.00475 0.0035 0.00375 0.0065 0.00525 0.00575 0.0045 0.006 0.0055 0.00475 0.00475 0.0045 0.007 0.005 0.00575 0.0045 0.0035 0.0055 0.005 0.0065 0.00575 0.00325 0.004 0.00275 0.0055 0.00275 0.00675 0.00575 0.0045 0.005 0.004 0.00525 0.00425 0.00225 0.00525 0.0055 0.0045 ];
sent_flits(1,:) = [ 0.11 0.0865 0.07 0.08 0.11 0.1 0.07 0.1 0.07 0.13775 0.085 0.11275 0.085 0.115 0.075 0.08125 0.115 0.1 0.0635 0.105 0.11675 0.09 0.05 0.095 0.068 0.12 0.105 0.095 0.11 0.07 0.11 0.085 0.075 0.09 0.09875 0.07 0.09 0.109 0.055 0.046 0.1 0.07 0.1 0.075 0.095 0.1 0.1375 0.105 0.09 0.07575 0.075 0.13 0.08975 0.13325 0.115 0.11 0.115 0.085 0.08 0.11075 0.125 0.11825 0.09 0.09 ];
accepted_flits(1,:) = [ 0.11 0.07 0.1195 0.0605 0.075 0.1 0.09 0.12 0.0895 0.13625 0.1 0.12 0.09 0.07 0.08 0.08275 0.07 0.085 0.065 0.105 0.1 0.1 0.075 0.07875 0.08 0.11 0.10675 0.095 0.07 0.0775 0.13 0.1075 0.11375 0.08575 0.12 0.11 0.09075 0.095 0.09 0.133 0.1 0.11175 0.09 0.07 0.11 0.1 0.13025 0.115 0.067 0.0795 0.05075 0.11 0.055 0.135 0.115 0.09 0.1 0.08 0.10125 0.085 0.045 0.105 0.11 0.09 ];
sent_packet_size(1,:) = [ 20 20.3529 20 20 20 20 20 20 20 19.6786 20 19.6087 20 20 20 19.1176 20 20 21.1667 20 20.3043 20 20 20 19.4286 20 20 20 20 20 20 20 20 20 20.7895 20 20 20.7619 20 18.4 20 20 20 20 20 20 19.6429 20 20 20.2 20 20 19.9444 19.7407 20 20 20 20 20 19.2609 20 19.7083 20 20 ];
accepted_packet_size(1,:) = [ 20 20 19.9167 20.1667 20 20 20 20 19.8889 20.1852 20 20 20 20 20 19.4706 20 20 20 20 20 20 20 19.6875 20 20 19.4091 20 20 20.6667 20 20.4762 19.7826 19.0556 20 20 19.1053 20 20 19 20 19.4348 20 20 20 20 20.0385 20 20.6154 19.875 18.4545 20 20 20 20 20 20 20 19.2857 20 20 20 20 20 ];
